1000
1 855
1 678
2 674
2 527
2 435
2 497
2 151
3 340
3 18
4 747
5 573
6 677
7 944
8 585
8 603
9 542
10 586
11 898
11 596
13 669
14 252
15 304
15 801
16 437
17 921
18 108
19 571
19 927
20 795
25 312
25 258
26 864
27 712
28 853
31 748
31 186
32 970
34 718
36 605
38 169
38 159
39 433
39 254
39 336
39 698
40 289
40 163
41 327
42 227
43 183
45 547
46 661
47 751
48 995
49 312
50 100
53 922
54 618
55 465
55 358
56 561
57 68
58 404
60 962
61 431
63 162
63 763
64 813
65 513
66 218
66 711
67 966
68 528
70 265
70 418
72 331
72 412
72 938
73 346
75 172
75 163
76 162
78 778
78 503
79 505
80 400
80 879
81 720
83 368
84 767
85 259
86 926
86 659
87 437
89 875
89 303
90 465
90 855
92 488
92 203
93 694
94 969
94 991
95 882
97 406
99 442
100 349
100 667
101 586
101 990
101 220
101 363
102 802
104 698
105 488
105 676
105 1000
106 352
107 966
108 838
108 876
110 632
111 164
114 998
114 981
115 156
116 432
116 472
117 754
117 769
118 501
118 129
119 169
119 814
121 124
123 600
127 281
128 662
128 836
129 427
130 420
133 869
134 214
136 151
137 538
137 772
139 254
141 983
142 920
142 292
142 735
143 867
143 833
143 493
143 969
143 687
145 344
145 789
147 560
148 896
149 996
150 581
153 820
155 842
155 673
158 762
158 785
159 164
160 278
160 703
161 265
161 565
162 611
163 841
164 839
166 261
167 448
169 374
170 930
171 347
172 705
172 197
172 419
172 384
173 965
174 313
174 884
175 596
179 440
181 903
181 265
183 369
183 993
183 281
184 922
184 416
185 410
186 593
187 590
188 605
188 596
189 520
194 741
195 227
197 678
198 747
198 316
199 956
200 731
200 604
201 282
202 713
204 568
204 835
205 512
205 696
209 891
210 760
210 216
210 383
211 342
212 805
213 562
215 652
216 521
216 520
217 898
218 250
219 985
219 446
219 696
219 483
221 964
221 620
221 987
221 807
222 794
222 473
223 404
224 512
225 955
226 857
227 927
227 290
227 587
227 245
230 956
230 272
230 266
234 458
234 792
234 314
238 665
240 313
243 534
244 316
247 1000
247 773
247 626
248 358
248 470
251 639
252 918
253 645
254 680
255 808
255 386
258 941
259 998
260 342
262 479
262 534
262 998
263 535
263 530
264 657
266 302
266 980
267 584
269 745
271 767
272 490
275 935
275 543
275 784
276 753
277 911
278 916
280 559
281 865
282 714
285 424
286 628
289 777
292 715
293 471
294 973
294 495
296 842
296 976
297 938
297 566
297 916
298 447
299 743
299 685
300 973
301 431
304 859
305 367
306 943
307 747
308 524
309 878
311 842
312 531
313 984
314 752
314 995
317 987
317 397
321 813
323 753
323 912
324 398
325 495
325 532
327 415
328 551
331 954
336 842
342 996
343 429
344 884
347 675
349 939
352 531
353 741
353 763
354 450
355 656
355 475
356 722
356 418
359 951
360 785
361 777
362 905
363 669
363 556
363 823
365 552
366 721
369 801
370 506
370 485
370 799
371 985
371 699
372 514
372 475
373 880
374 551
375 977
377 720
377 656
377 494
378 416
380 870
380 825
381 630
382 642
383 683
383 899
384 851
386 619
389 968
389 633
390 937
390 959
392 977
392 917
392 882
394 583
395 757
396 1000
396 954
397 544
398 717
398 919
398 893
399 740
401 720
402 657
403 543
403 745
405 898
408 625
408 841
409 701
414 482
414 842
415 778
416 955
416 652
418 615
419 946
420 951
420 602
420 536
420 491
420 722
421 898
421 985
422 628
423 736
423 576
423 662
423 925
423 471
424 812
424 913
426 902
427 972
428 653
429 761
431 739
431 562
433 496
433 702
436 920
436 571
437 963
437 641
441 443
442 859
442 777
443 591
443 920
444 773
444 668
445 998
446 577
448 673
449 859
451 620
452 895
453 808
453 770
454 898
454 904
454 515
455 855
455 958
456 683
457 584
457 968
458 920
458 823
458 524
458 977
459 764
459 712
461 534
461 461
461 767
462 935
462 716
462 507
463 876
464 534
465 654
465 975
466 864
467 620
468 997
469 516
471 996
471 762
471 694
473 679
475 557
476 953
478 652
479 977
482 484
483 602
484 512
484 852
484 606
484 715
485 572
487 722
488 749
491 751
491 566
492 496
492 966
492 718
493 584
493 914
494 544
494 962
496 510
496 591
496 743
497 704
497 862
497 623
498 850
500 652
500 885
501 692
501 854
501 792
502 715
503 638
503 912
504 584
504 692
505 969
506 813
507 963
508 985
508 824
509 879
509 750
509 928
514 814
515 767
516 554
519 632
520 905
521 778
522 984
524 967
525 658
525 856
526 571
526 795
527 550
528 778
528 865
529 970
529 552
530 738
530 573
531 546
532 575
537 810
537 832
537 852
538 690
538 846
539 793
540 549
540 678
541 875
541 565
542 593
542 998
543 946
544 892
548 575
551 825
551 600
553 872
553 600
553 738
555 932
555 902
556 769
557 667
558 728
560 902
561 733
563 902
563 735
564 979
565 821
565 641
567 614
568 641
568 674
568 724
569 989
570 791
570 922
571 812
573 952
574 767
577 700
581 807
581 602
583 979
583 919
585 964
585 607
585 963
586 825
588 895
589 662
590 697
590 779
590 622
590 749
590 749
591 932
591 676
591 872
592 812
592 717
593 960
593 892
594 924
596 739
597 966
598 699
598 902
601 691
602 685
603 806
604 877
604 1000
604 880
606 802
606 831
609 666
610 633
611 726
611 661
613 873
613 684
614 651
614 901
614 833
615 798
615 829
618 825
620 929
620 843
620 960
621 877
622 941
623 826
623 988
626 851
628 860
632 643
635 676
636 959
636 921
639 904
642 885
643 952
644 647
645 835
645 703
646 775
647 973
649 893
649 693
650 955
650 852
653 729
654 870
654 794
656 768
657 789
658 919
658 909
660 818
660 740
662 669
662 947
663 801
663 834
663 925
665 833
666 965
666 938
666 779
667 917
667 749
667 986
670 894
671 755
673 687
676 772
679 834
680 712
680 977
681 839
682 814
684 968
686 811
687 794
689 897
690 734
690 831
691 867
693 964
694 946
694 748
695 713
696 795
696 974
696 810
696 712
697 882
698 864
699 893
700 733
704 950
704 733
705 896
710 861
710 741
711 774
711 966
712 917
712 943
714 949
716 758
718 760
718 929
718 779
719 883
719 976
720 789
720 804
722 987
722 794
724 846
725 779
726 795
727 887
727 788
732 743
733 808
735 875
735 814
736 881
736 823
738 881
740 898
740 933
742 832
744 759
746 860
747 975
747 988
749 825
749 955
750 773
750 780
751 993
752 870
752 783
752 823
753 867
753 914
753 985
754 865
756 827
756 937
756 887
757 893
757 772
758 888
759 909
760 928
761 958
763 922
764 941
764 969
764 771
765 776
765 841
767 1000
768 969
772 991
775 936
776 995
776 883
778 923
778 886
779 865
780 964
780 796
781 949
782 871
783 858
786 943
786 911
787 843
788 980
788 815
789 966
789 860
790 989
790 935
790 948
791 799
792 930
792 868
794 912
796 805
797 1000
798 810
799 927
800 937
800 857
801 947
802 872
802 977
803 880
804 843
804 924
804 968
805 882
806 889
806 936
807 963
807 958
809 956
809 953
810 940
811 883
812 878
813 930
814 948
814 916
814 997
815 832
818 850
819 942
820 947
820 945
821 993
822 960
823 874
823 923
825 894
826 883
827 921
827 950
828 997
829 955
829 866
829 863
831 970
837 975
837 918
837 944
837 910
837 990
838 878
838 957
839 876
841 937
843 861
843 979
843 898
844 999
846 857
847 882
848 989
848 858
848 956
850 881
851 990
852 991
852 975
855 866
856 860
857 919
857 872
858 980
858 928
858 961
858 885
859 875
861 862
862 994
864 946
864 889
864 961
870 995
873 927
877 957
877 895
879 938
879 921
880 941
880 952
881 885
881 987
881 989
882 907
885 943
886 964
889 959
893 998
894 934
894 947
895 928
895 942
896 918
897 923
898 919
904 983
905 926
905 993
906 993
909 981
909 989
911 931
911 927
913 989
913 952
913 963
914 973
914 938
914 946
917 971
917 956
918 970
922 934
922 997
924 938
925 937
927 987
927 929
927 983
929 985
930 1000
932 945
934 995
934 980
937 970
937 985
938 939
939 972
940 971
941 993
942 954
943 975
944 952
944 949
945 957
946 986
950 995
951 963
951 953
951 992
953 961
955 999
956 968
956 1000
957 982
957 964
959 997
959 960
959 990
960 980
960 965
960 976
961 977
961 991
962 962
963 991
965 978
965 994
966 971
966 992
966 970
968 995
968 997
970 994
973 998
973 989
977 996
980 991
982 984
983 995
984 985
985 989
985 999
985 994
986 993
988 991
990 1000
993 999
994 999
995 998
996 998
997 999
999 1000
999 999
422 824 824 824 787 787 736 736 736 736 736 60 960 960 960 960 323 636 636 636 636 498 498 412 19 19 564 564 564 181 882 882 882 810 768 768 926 926 166 159 7 7 7 582 539 539 539 539 447 237 237 517 81 663 663 663 411 411 823 823 776 776 776 294 294 963 963 963 963 961 961 493 568 171 171 171 121 121 4 4 952 537 590 590 590 696 696 696 329 329 754 754 754 754 462 462 462 462 543 543 543 112 112 700 700 111 111 276 912 912 32 32 32 32 32 970 970 694 884 884 378 551 551 551 551 219 219 219 981 981 298 913 815 815 723 723 119 119 119 58 58 604 604 604 689 689 315 315 640 640 647 647 922 922 603 603 209 472 472 993 993 993 844 844 118 485 485 485 485 56 56 56 713 713 501 501 384 384 931 801 801 686 686 686 795 572 572 585 585 655 625 777 777 975 975 210 210 697 697 859 859 859 859 855 799 61 61 61 465 465 355 355 309 309 825 825 825 499 499 702 40 260 66 164 443 443 748 201 102 102 222 222 222 737 128 128 613 890 631 847 76 76 136 556 556 848 848 217 217 871 871 910 790 790 790 199 199 199 652 248 248 248 248 147 147 75 106 106 494 494 100 100 646 646 535 506 506 623 623 143 143 143 143 143 143 908 425 675 753 753 475 475 475 569 569 569 246 967 967 169 169 216 216 390 390 291 291 270 653 486 352 278 278 758 758 758 996 996 856 662 22 22 986 986 312 312 312 571 571 571 571 515 878 878 649 649 423 423 423 435 435 435 221 221 954 954 720 437 929 785 838 838 843 616 184 184 229 658 658 386 914 914 914 914 876 820 820 820 677 677 814 814 814 547 127 177 905 821 821 706 415 415 415 622 622 622 622 230 230 944 944 53 919 57 13 13 39 39 39 114 114 114 999 148 148 148 148 879 185 277 277 277 175 175 511 129 343 343 858 492 549 549 725 676 827 827 401 533 224 224 371 371 371 614 614 673 266 266 172 172 172 645 348 504 762 530 530 937 937 937 362 851 2 2 2 674 478 849 924 924 887 683 683 611 297 383 383 187 497 497 497 497 497 10 583 583 925 925 509 665 665 665 665 503 503 89 864 864 214 145 233 788 903 915 915 915 314 314 978 978 978 541 541 541 728 728 562 562 562 562 377 377 448 448 448 331 331 933 454 454 454 813 813 813 971 458 852 180 865 865 865 606 429 429 429 394 394 186 186 586 307 635 635 779 779 654 654 896 896 896 318 698 612 612 70 70 211 957 957 284 826 398 734 49 895 757 741 609 310 258 792 792 41 846 256 743 670 678 38 38 137 137 137 116 116 359 721 721 897 897 356 356 468 368 755 452 20 20 880 880 287 280 280 389 389 150 150 421 421 421 421 916 141 141 807 807 392 162 536 536 536 510 399 399 531 531 531 531 254 573 252 891 167 167 338 591 591 835 765 765 752 752 752 752 5 828 828 983 983 376 376 376 325 325 253 253 793 759 264 264 87 87 34 34 709 985 985 83 83 308 308 155 155 155 943 207 946 946 532 92 417 417 375 581 52 688 68 495 99 381 719 151 592 592 592 588 588 746 746 763 763 513 311 771 595 484 714 671 923 923 552 610 610 273 621 621 621 449 108 228 228 907 939 761 659 691 691 144 782 782 769 570 976 976 430 459 459 456 456 991 991 980 243 385 409 587 579 668 727 408 408 830 705 705 424 850 643 643 680 361 527 527 558 251 969 482 482 6 183 183 992 105 55 519 519 236 67 965 965 8 508 682 920 920 920 363 667 667 760 928 928 554 715 715 715 542 997 161 125 599 599 382 382 189 50 50 607 607 261 261 629 624 469 90 1000 1000 1000 984 984 206 388 656 327 327 956 968 299 299 292 324 101 540 869 842 710 16 234 234 293 528 178 780 780 48 766 729 973 938 524 930 131 131 373 94 664 463 770 46 738 546 63 107 502 708 44 396 396 204 36 553 958 958 958 69 393 418 418 30 464 538 158 313 566 566 589 512 64 267 433 433 894 117 117 964 979 445 15 295 295 65 65 427 951 340 791 935 857 764 239 212 784 345 200 627 191 173 802 802 733 945 561 300 962 174 45 526 244 97 97 575 455 455 17 921 336 444 450 745 747 747 901 633 25 240 360 218 42 109 862 942 883 883 397 245 480 302 781 837 899 213 213 72 195 749 305 205 619 474 783 637 886 886 259 998 319 404 853 940 461 134 93 93 18 578 279 994 520 845 819 176 618 544 681 103 974 51 811 28 496 491